# ncaaf/games.txt
d|2012-12-11
g|201301050309|184|309|F|14|4|14:24|13|39|1357408800|1|10|80|0|3|3|0|0|0
h|309|184|0|10|0|3
h|309|309|3|7|15|14
g|201212150057|39|57|F|31|4|0:00|48|49|1355594400|2|11|43|0|1|1|0|0|0
h|57|39|21|10|14|3
h|57|57|7|21|0|21
a|57|194646|164522
g|201212150113|184|113|F|14|4|13:03|45|42|1355605200|1|10|80|0|3|3|0|0|0
h|113|184|14|21|0|10
h|113|113|0|0|21|21
g|201212150046|55|46|F|31|4|0:00|15|41|1355607000|1|10|64|0|1|1|0|0|0
h|46|55|3|3|0|9
h|46|46|7|3|3|28
a|46|195934|181314
g|201212200093|88|93|F|31|4|0:00|23|6|1356051600|3|7|7|0|1|1|0|0|0
h|93|88|0|3|0|20
h|93|93|3|3|0|0
a|93|218097|193972
g|201212210210|48|210|F|27|4|0:00|17|38|1356136200|1|10|21|0|1|1|0|0|0
h|210|48|0|7|3|7
h|210|210|13|15|7|3
a|210|201825|197883
g|201212220045|99|45|F|31|4|0:00|34|43|1356195600|1|10|70|0|1|1|0|0|0
h|45|99|0|21|10|3
h|45|45|7|24|6|6
a|45|204301|192975
g|201212220112|65|112|F|31|4|0:00|26|28|1356208200|2|12|59|0|1|1|0|0|0
h|112|65|3|14|6|3
h|112|112|9|9|7|3
a|112|206185|179056
g|201212240082|90|82|F|31|4|0:00|10|43|1356397200|3|19|80|0|1|1|0|0|0
h|82|90|0|0|7|3
h|82|82|0|22|7|14
a|82|208306|181149
g|201212260050|224|50|F|31|4|0:00|21|24|1356568200|4|9|81|0|1|1|0|0|0
h|50|224|7|7|7|0
h|50|50|14|3|0|7
a|50|169609|170204
g|201212270049|44|49|F|31|4|0:00|29|20|1356638400|4|13|38|0|1|1|0|0|0
h|49|44|7|3|9|10
h|49|49|3|3|7|7
a|49|183241|182188
g|201212270002|98|2|F|31|4|0:00|48|34|1356651000|1|10|47|0|1|1|0|0|0
h|2|98|3|14|10|21
h|2|2|16|0|8|10
a|2|164352|189950
g|201212270064|79|64|F|31|4|0:00|49|26|1356662700|1|1|0|0|1|1|0|0|0
h|64|79|14|21|7|7
h|64|64|0|10|3|13
a|64|166468|201556
g|201212280103|54|103|F|31|4|0:00|45|14|1356721200|2|5|29|0|1|1|0|0|0
h|103|54|14|10|14|7
h|103|103|0|7|7|0
a|103|182514|179103
g|201212280013|16|13|S|1|1|15:00|0|0|1356733800|1|10|80|0|3|3|0|0|0
g|201212280086|31|86|F|31|4|0:00|31|34|1356746400|1|1|0|0|1|1|0|0|0
h|86|31|10|7|7|7
h|86|86|14|10|0|10
a|86|213542|164331
g|201212290087|81|87|F|31|4|0:00|33|14|1356799500|4|10|16|0|1|1|0|0|0
h|87|81|7|0|7|19
h|87|87|0|14|0|0
a|87|191537|187694
g|201212290014|17|14|F|31|4|0:00|14|38|1356812100|3|13|46|0|1|1|0|0|0
h|14|17|0|7|7|0
h|14|14|3|9|23|3
a|14|183936|195459
g|201212290058|102|58|F|31|4|0:00|28|62|1356814800|3|14|36|0|1|1|0|0|0
h|58|102|0|7|7|14
h|58|58|21|13|28|0
a|58|218443|192243
g|201212290061|83|61|F|31|4|0:00|31|27|1356824700|4|18|21|0|1|1|0|0|0
h|61|83|3|7|7|14
h|61|61|10|10|7|0
a|61|201601|205974
g|201212290030|85|30|F|31|4|0:00|16|17|1356837300|2|12|25|0|1|1|0|0|0
h|30|85|7|6|0|3
h|30|30|0|0|7|10
a|30|178038|190455
g|201212310072|7|72|F|31|4|0:00|24|38|1356973200|2|13|37|0|1|1|0|0|0
h|72|7|0|14|0|10
h|72|72|7|21|3|7
a|72|194598|190466
g|201212310004|62|4|F|31|4|0:00|7|21|1356980400|3|14|96|0|1|1|0|0|0
h|4|62|0|7|0|0
h|4|4|0|7|7|7
a|4|190359|164104
g|201212310107|19|107|F|31|4|0:00|17|31|1356985800|3|12|30|0|1|1|0|0|0
h|107|19|17|0|0|0
h|107|107|7|14|7|3
a|107|203513|182104
g|201212310001|76|1|F|31|4|0:00|24|25|1357000200|1|1|0|0|1|1|0|0|0
h|1|76|7|7|10|0
h|1|1|7|6|0|12
a|1|213331|181062
g|201301010032|78|32|F|31|4|0:00|20|34|1357059600|3|10|10|0|1|1|0|0|0
h|32|78|0|10|3|7
h|32|32|10|3|14|7
a|32|169426|191103
g|201301010025|35|25|F|31|4|0:00|14|58|1357059600|1|10|14|0|1|1|0|0|0
h|25|35|0|0|7|7
h|25|25|14|14|17|13
a|25|155042|180374
g|201301010029|70|29|F|31|4|0:00|33|28|1357063200|2|10|68|0|1|1|0|0|0
h|29|70|14|7|0|12
h|29|29|3|10|9|6
a|29|190284|190344
g|201301010023|68|23|F|31|4|0:00|45|31|1357063200|3|12|52|0|1|1|0|0|0
h|23|68|16|7|8|14
h|23|23|14|10|7|0
a|23|178328|178884
g|201301010063|36|63|F|31|4|0:00|14|20|1357077600|2|12|46|0|1|1|0|0|0
h|63|36|0|14|0|0
h|63|63|14|3|0|3
a|63|179603|180329
g|201301010003|42|3|F|31|4|0:00|10|31|1357090200|4|4|21|0|1|1|0|0|0
h|3|42|3|0|7|0
h|3|3|7|7|3|14
a|3|181386|181951
g|201301020067|100|67|F|31|4|0:00|33|23|1357176600|2|12|25|0|1|1|0|0|0
h|67|100|14|10|6|3
h|67|67|0|10|0|13
a|67|202042|217604
g|201301030021|60|21|F|31|4|0:00|35|17|1357263000|1|10|64|0|1|1|0|0|0
h|21|60|15|7|10|3
h|21|21|0|10|0|7
a|21|206121|168477
g|201301040024|84|24|F|31|4|0:00|41|13|1357347600|2|7|58|0|1|1|0|0|0
h|24|84|7|7|20|7
h|24|24|3|10|0|0
a|24|202568|164217
g|201301050077|12|77|F|31|4|0:00|17|38|1357408800|3|14|83|0|1|1|0|0|0
h|77|12|0|10|0|7
h|77|77|14|10|7|7
a|77|168776|191749
g|201301060037|52|37|F|31|4|0:00|13|17|1357524000|4|23|93|0|1|1|0|0|0
h|37|52|0|10|3|0
h|37|37|0|14|3|0
a|37|181041|206363
g|201301070104|73|104|F|31|4|0:00|42|14|1357608600|3|9|79|0|1|1|0|0|0
h|104|73|14|14|7|7
h|104|104|0|0|7|7
a|104|181670|202290
g|201212280016|13|16|F|31|5|0:00|10|13|1356733800|1|10|25|0|1|1|0|0|0
h|16|13|10|0|0|0|0
h|16|16|0|0|0|10|3
a|16|193981|195385
